{
 "cells": [
  {
   "cell_type": "code",
   "execution_count": 1,
   "metadata": {},
   "outputs": [],
   "source": [
    "import pandas as pd\n",
    "import numpy as np\n",
    "import os\n",
    "from scipy.optimize import LinearConstraint\n",
    "from scipy.optimize import minimize\n",
    "from scipy.optimize import NonlinearConstraint\n",
    "\n",
    "os.chdir(r'C:\\Users\\Daniel\\Documents\\Johns Hopkins\\Fall 2021\\Stochastic Processes I\\Project')"
   ]
  },
  {
   "cell_type": "code",
   "execution_count": 2,
   "metadata": {},
   "outputs": [],
   "source": [
    "data = pd.read_csv('Stock Data.csv')\n",
    "dates = list(data.Date.unique())\n",
    "stocks = list(data.Name.unique())\n",
    "\n",
    "data.drop(['Open', 'High', 'Low', 'Volume'],axis=1, inplace = True)\n",
    "df = pd.pivot_table(data, values= 'Close' , index = 'Name', columns = 'Date')\n",
    "df.fillna(method='ffill', inplace = True)\n",
    "df.fillna(method='ffill', inplace = True)"
   ]
  },
  {
   "cell_type": "code",
   "execution_count": 124,
   "metadata": {},
   "outputs": [],
   "source": []
  },
  {
   "cell_type": "code",
   "execution_count": 92,
   "metadata": {},
   "outputs": [],
   "source": [
    "S = []\n",
    "for j in range(len(stocks)):\n",
    "    S.append(0)\n",
    "\n",
    "one_over_T = 1/(len(dates))\n",
    "for i in range(len(dates)):\n",
    "    a = np.array(df[dates[i]])[np.newaxis]\n",
    "    s = one_over_T *np.dot(a.T,a)\n",
    "    S = S+s"
   ]
  },
  {
   "cell_type": "code",
   "execution_count": 104,
   "metadata": {},
   "outputs": [],
   "source": [
    "S1 = []\n",
    "for j in range(len(stocks)):\n",
    "    S1.append(0)\n",
    "\n",
    "one_over_T_minus_1 = 1/(len(dates)-1)\n",
    "for i in range(len(dates)-1):\n",
    "    a = np.array(df[dates[i]])[np.newaxis]\n",
    "    b = np.array(df[dates[i+1]])[np.newaxis]\n",
    "    s1 = one_over_T_minus_1  *np.dot(a.T,b)\n",
    "    S1 = S1+s1"
   ]
  },
  {
   "cell_type": "code",
   "execution_count": 150,
   "metadata": {},
   "outputs": [],
   "source": [
    "m = []\n",
    "for j in range(len(stocks)):\n",
    "    m.append(1)\n",
    "M= np.eye(len(stocks))\n",
    "\n",
    "def summation(M):\n",
    "    return sum(abs(M))\n",
    "def constraint(M):\n",
    "    return np.amax(abs(np.dot(S,M)-np.transpose(S1)))\n",
    "con = {'type':'ineq', 'fun':constraint}\n",
    "nlc = NonlinearConstraint(constraint, 0, .1)\n"
   ]
  },
  {
   "cell_type": "code",
   "execution_count": 151,
   "metadata": {},
   "outputs": [
    {
     "data": {
      "text/plain": [
       "array([ 1.83493411e-02,  2.24883742e-01, -6.35066978e-01, -4.55020270e+00,\n",
       "        1.94735241e-01, -2.28987271e-01, -1.20114234e+00,  1.48135928e+00,\n",
       "        2.25817409e-01, -2.09082735e+00,  2.40629141e+00, -1.25268756e-01,\n",
       "       -4.80902924e-01, -1.56357140e-03, -1.09331122e+00, -3.24997991e-01,\n",
       "       -4.01951109e-01,  3.70977619e-01,  2.76660617e-02, -1.98679035e+00,\n",
       "        7.16196086e-01, -4.60694748e+00,  2.79138863e-01,  1.51220927e-01,\n",
       "        9.08261600e-02, -9.30001089e-02, -2.13613871e-01, -1.62112630e-01,\n",
       "       -6.06187119e-02, -5.10326733e-03,  3.98781739e-01])"
      ]
     },
     "execution_count": 151,
     "metadata": {},
     "output_type": "execute_result"
    }
   ],
   "source": [
    "A=minimize(summation, x0 =m, constraints = nlc).x\n",
    "A"
   ]
  },
  {
   "cell_type": "code",
   "execution_count": 152,
   "metadata": {},
   "outputs": [
    {
     "data": {
      "text/plain": [
       "     fun: 0.00909757774708872\n",
       "     jac: array([-1.,  1., -1.,  1.,  1.,  1., -1.,  1.,  1., -1.,  1., -1.,  1.,\n",
       "       -1., -1.,  1.,  1.,  1.,  1.,  1.,  1., -1., -1., -1.,  1., -1.,\n",
       "        1.,  1., -1.,  1.,  1.])\n",
       " message: 'Optimization terminated successfully'\n",
       "    nfev: 919\n",
       "     nit: 25\n",
       "    njev: 25\n",
       "  status: 0\n",
       " success: True\n",
       "       x: array([-6.13537069e-05,  3.51434567e-05, -3.24037270e-03,  1.81472789e-04,\n",
       "        9.64697109e-06,  3.97972559e-05, -7.36930277e-05,  3.46636493e-04,\n",
       "        2.08607331e-04, -6.77985400e-05,  4.83882387e-05, -3.76411453e-04,\n",
       "        8.40093425e-04, -6.63727472e-04, -1.69938008e-04,  4.53564650e-04,\n",
       "        2.59916384e-05,  1.33545067e-06,  3.76421421e-04,  4.61680845e-04,\n",
       "        8.18209960e-05, -2.35625744e-05, -6.16968758e-07, -1.57335619e-04,\n",
       "        1.23953275e-04, -2.07271363e-05,  2.79228193e-04,  4.03720005e-04,\n",
       "       -2.61137268e-05,  1.73221338e-04,  1.25203046e-04])"
      ]
     },
     "execution_count": 152,
     "metadata": {},
     "output_type": "execute_result"
    }
   ],
   "source": [
    "minimize(summation, x0=m, constraints = con)"
   ]
  },
  {
   "cell_type": "code",
   "execution_count": 168,
   "metadata": {},
   "outputs": [
    {
     "data": {
      "text/plain": [
       "array([0.95833414, 1.33309189, 8.86483083, 1.13305025, 2.03099465,\n",
       "       1.27158207, 0.34423874, 1.43883107, 0.97979726, 0.46929788,\n",
       "       9.8978272 , 2.44513121, 1.6698185 , 2.11145557, 0.50224844,\n",
       "       1.52033404, 0.99217877, 0.53741666, 1.53265803, 2.30939374,\n",
       "       0.66781398, 0.77849441, 0.55847755, 0.43402329, 1.14330701,\n",
       "       1.45993381, 1.960684  , 1.37713544, 0.65713397, 0.97734076,\n",
       "       1.07352346])"
      ]
     },
     "execution_count": 168,
     "metadata": {},
     "output_type": "execute_result"
    }
   ],
   "source": [
    "v = [row[0] for row in M]\n",
    "Sj = [row[0] for row in S1.T]\n",
    "(np.dot(S,v) - Sj)"
   ]
  },
  {
   "cell_type": "code",
   "execution_count": null,
   "metadata": {},
   "outputs": [],
   "source": []
  },
  {
   "cell_type": "code",
   "execution_count": null,
   "metadata": {},
   "outputs": [],
   "source": []
  },
  {
   "cell_type": "code",
   "execution_count": 24,
   "metadata": {},
   "outputs": [],
   "source": [
    "Err = []\n",
    "for j in range(len(stocks)):\n",
    "    Err.append(0)\n",
    "\n",
    "one_over_T = 1/(len(dates))\n",
    "for i in range(len(dates)-1):\n",
    "    a = np.array(df[dates[i]])\n",
    "    b = np.array(df[dates[i+1]])\n",
    "    err =one_over_T* (abs(b - (A*a))/b)\n",
    "    Err = Err+err"
   ]
  },
  {
   "cell_type": "code",
   "execution_count": 25,
   "metadata": {},
   "outputs": [
    {
     "data": {
      "text/plain": [
       "28861.801055264667"
      ]
     },
     "execution_count": 25,
     "metadata": {},
     "output_type": "execute_result"
    }
   ],
   "source": [
    "max(abs((S*A)-np.transpose(S1)))"
   ]
  },
  {
   "cell_type": "code",
   "execution_count": 153,
   "metadata": {},
   "outputs": [
    {
     "data": {
      "text/plain": [
       "113883.55685389246"
      ]
     },
     "execution_count": 153,
     "metadata": {},
     "output_type": "execute_result"
    }
   ],
   "source": [
    "np.amax(abs((np.dot(S,A) - np.transpose(S1))))"
   ]
  },
  {
   "cell_type": "code",
   "execution_count": 64,
   "metadata": {},
   "outputs": [
    {
     "data": {
      "text/plain": [
       "array([-4.33652178e-08, -4.33652172e-08, -3.20019845e-06, -4.33652168e-08,\n",
       "       -4.33652169e-08, -4.33652169e-08, -4.33652168e-08, -4.33652169e-08,\n",
       "       -4.33652169e-08, -4.33652168e-08, -2.48783353e-07, -4.33652168e-08,\n",
       "       -4.33652167e-08, -4.33652168e-08, -4.33652168e-08, -4.33652167e-08,\n",
       "       -4.33652167e-08, -4.33652168e-08, -4.33652169e-08, -4.33652169e-08,\n",
       "       -4.33652171e-08, -4.33652171e-08, -4.33652171e-08, -4.33652173e-08,\n",
       "       -4.33652175e-08, -4.33652175e-08, -4.33652174e-08, -4.33652173e-08,\n",
       "       -4.33652172e-08, -4.33652172e-08, -4.33652173e-08])"
      ]
     },
     "execution_count": 64,
     "metadata": {},
     "output_type": "execute_result"
    }
   ],
   "source": [
    "A"
   ]
  },
  {
   "cell_type": "code",
   "execution_count": 162,
   "metadata": {},
   "outputs": [
    {
     "ename": "TypeError",
     "evalue": "unsupported operand type(s) for *: 'float' and 'OptimizeResult'",
     "output_type": "error",
     "traceback": [
      "\u001b[1;31m---------------------------------------------------------------------------\u001b[0m",
      "\u001b[1;31mTypeError\u001b[0m                                 Traceback (most recent call last)",
      "\u001b[1;32m<ipython-input-162-bb177aefdced>\u001b[0m in \u001b[0;36m<module>\u001b[1;34m\u001b[0m\n\u001b[1;32m----> 1\u001b[1;33m \u001b[0mS\u001b[0m\u001b[1;33m*\u001b[0m\u001b[0mm\u001b[0m \u001b[1;33m-\u001b[0m \u001b[0mnp\u001b[0m\u001b[1;33m.\u001b[0m\u001b[0mtranspose\u001b[0m\u001b[1;33m(\u001b[0m\u001b[0mS1\u001b[0m\u001b[1;33m)\u001b[0m\u001b[1;33m\u001b[0m\u001b[1;33m\u001b[0m\u001b[0m\n\u001b[0m",
      "\u001b[1;31mTypeError\u001b[0m: unsupported operand type(s) for *: 'float' and 'OptimizeResult'"
     ]
    }
   ],
   "source": [
    "S*m - np.transpose(S1)"
   ]
  },
  {
   "cell_type": "code",
   "execution_count": null,
   "metadata": {},
   "outputs": [],
   "source": []
  },
  {
   "cell_type": "code",
   "execution_count": null,
   "metadata": {},
   "outputs": [],
   "source": []
  },
  {
   "cell_type": "code",
   "execution_count": null,
   "metadata": {},
   "outputs": [],
   "source": []
  },
  {
   "cell_type": "code",
   "execution_count": null,
   "metadata": {},
   "outputs": [],
   "source": []
  },
  {
   "cell_type": "code",
   "execution_count": null,
   "metadata": {},
   "outputs": [],
   "source": []
  },
  {
   "cell_type": "code",
   "execution_count": null,
   "metadata": {},
   "outputs": [],
   "source": []
  },
  {
   "cell_type": "code",
   "execution_count": null,
   "metadata": {},
   "outputs": [],
   "source": [
    "\n"
   ]
  },
  {
   "cell_type": "code",
   "execution_count": null,
   "metadata": {},
   "outputs": [],
   "source": []
  },
  {
   "cell_type": "code",
   "execution_count": null,
   "metadata": {},
   "outputs": [],
   "source": []
  },
  {
   "cell_type": "code",
   "execution_count": null,
   "metadata": {},
   "outputs": [],
   "source": []
  },
  {
   "cell_type": "code",
   "execution_count": null,
   "metadata": {},
   "outputs": [],
   "source": []
  },
  {
   "cell_type": "code",
   "execution_count": null,
   "metadata": {},
   "outputs": [],
   "source": []
  },
  {
   "cell_type": "code",
   "execution_count": null,
   "metadata": {},
   "outputs": [],
   "source": []
  },
  {
   "cell_type": "code",
   "execution_count": null,
   "metadata": {},
   "outputs": [],
   "source": []
  },
  {
   "cell_type": "code",
   "execution_count": null,
   "metadata": {},
   "outputs": [],
   "source": []
  },
  {
   "cell_type": "code",
   "execution_count": null,
   "metadata": {},
   "outputs": [],
   "source": []
  },
  {
   "cell_type": "code",
   "execution_count": null,
   "metadata": {},
   "outputs": [],
   "source": []
  },
  {
   "cell_type": "code",
   "execution_count": null,
   "metadata": {},
   "outputs": [],
   "source": []
  },
  {
   "cell_type": "code",
   "execution_count": null,
   "metadata": {},
   "outputs": [],
   "source": []
  },
  {
   "cell_type": "code",
   "execution_count": null,
   "metadata": {},
   "outputs": [],
   "source": []
  },
  {
   "cell_type": "code",
   "execution_count": null,
   "metadata": {},
   "outputs": [],
   "source": []
  },
  {
   "cell_type": "code",
   "execution_count": 117,
   "metadata": {},
   "outputs": [
    {
     "data": {
      "text/plain": [
       "201.2858818831155"
      ]
     },
     "execution_count": 117,
     "metadata": {},
     "output_type": "execute_result"
    }
   ],
   "source": [
    "np.amax(abs(np.dot(S,M) - S1))"
   ]
  },
  {
   "cell_type": "code",
   "execution_count": 124,
   "metadata": {},
   "outputs": [
    {
     "data": {
      "text/plain": [
       "(31, 31)"
      ]
     },
     "execution_count": 124,
     "metadata": {},
     "output_type": "execute_result"
    }
   ],
   "source": [
    "np.dot(S,M).shape"
   ]
  },
  {
   "cell_type": "code",
   "execution_count": 125,
   "metadata": {},
   "outputs": [
    {
     "data": {
      "text/plain": [
       "(31, 31)"
      ]
     },
     "execution_count": 125,
     "metadata": {},
     "output_type": "execute_result"
    }
   ],
   "source": [
    "S1.shape"
   ]
  },
  {
   "cell_type": "code",
   "execution_count": 165,
   "metadata": {},
   "outputs": [],
   "source": []
  },
  {
   "cell_type": "code",
   "execution_count": 166,
   "metadata": {},
   "outputs": [
    {
     "data": {
      "text/plain": [
       "array([0.95833414, 1.33309189, 8.86483083, 1.13305025, 2.03099465,\n",
       "       1.27158207, 0.34423874, 1.43883107, 0.97979726, 0.46929788,\n",
       "       9.8978272 , 2.44513121, 1.6698185 , 2.11145557, 0.50224844,\n",
       "       1.52033404, 0.99217877, 0.53741666, 1.53265803, 2.30939374,\n",
       "       0.66781398, 0.77849441, 0.55847755, 0.43402329, 1.14330701,\n",
       "       1.45993381, 1.960684  , 1.37713544, 0.65713397, 0.97734076,\n",
       "       1.07352346])"
      ]
     },
     "execution_count": 166,
     "metadata": {},
     "output_type": "execute_result"
    }
   ],
   "source": []
  },
  {
   "cell_type": "code",
   "execution_count": 164,
   "metadata": {},
   "outputs": [
    {
     "data": {
      "text/plain": [
       "array([[   982.76843123,   2261.6779951 ,  11369.98432096,\n",
       "          1894.43579205,   3472.0871493 ,   2435.47053338,\n",
       "           734.11293384,   2794.38549675,   1972.35956507,\n",
       "           755.94168523,  14749.41326874,   5072.6209657 ,\n",
       "          2396.81933344,   4198.93962778,    795.55205851,\n",
       "          2574.17552858,   1656.32990156,   1031.52580566,\n",
       "          2658.34442113,   3696.62400513,   1416.8245805 ,\n",
       "          1207.64668546,   1015.52758003,    795.96778765,\n",
       "          2136.56445159,   2390.05624066,   2644.75431854,\n",
       "          2630.47139348,   1237.50913921,   1879.82483169,\n",
       "          2348.41166083],\n",
       "       [  2261.6779951 ,   6162.47103384,  30607.89087811,\n",
       "          4485.09556652,   8334.12868715,   5813.96364636,\n",
       "          1675.57939626,   6714.77487427,   5035.00275603,\n",
       "          1618.34243007,  37271.85203679,  11369.0899143 ,\n",
       "          6136.37782719,  10450.1561844 ,   1909.68488295,\n",
       "          6180.35088156,   3919.95960099,   2525.90395781,\n",
       "          6746.32163417,   9061.67902983,   3324.11601593,\n",
       "          2932.89218629,   2644.07341232,   1864.52237719,\n",
       "          5012.09635205,   5929.55845659,   6630.86120079,\n",
       "          6332.50077983,   2921.4308205 ,   4510.45881513,\n",
       "          5454.72259116],\n",
       "       [ 11369.98432096,  30607.89087811, 167939.15237175,\n",
       "         21245.01187477,  42118.55343722,  27321.35973983,\n",
       "          8121.07339738,  31202.02007871,  24995.22570546,\n",
       "          7682.89939364, 192437.06649397,  54806.46832477,\n",
       "         31717.91416073,  47734.75848305,   9227.2652747 ,\n",
       "         30440.71012834,  19518.72883248,  12004.43724801,\n",
       "         33319.47898268,  45215.18924371,  15940.59650556,\n",
       "         14850.21371265,  13290.17260858,   8973.22537169,\n",
       "         23804.94480841,  29356.36819599,  34715.96652046,\n",
       "         30162.87325983,  13807.54235593,  21171.82005834,\n",
       "         25187.14658891],\n",
       "       [  1894.43579205,   4485.09556652,  21245.01187477,\n",
       "          3901.76188275,   6789.27248629,   5070.3628645 ,\n",
       "          1485.6681695 ,   5886.12678652,   3930.05792096,\n",
       "          1548.45571093,  28817.67840517,  10269.35565722,\n",
       "          4635.99564215,   9029.17645477,   1612.59537119,\n",
       "          5170.15395189,   3299.5693057 ,   2139.08790854,\n",
       "          5400.79132887,   7337.16919209,   2893.41340262,\n",
       "          2373.81758185,   2017.30653139,   1622.22280063,\n",
       "          4397.28637464,   4796.06621699,   5041.44259887,\n",
       "          5416.62701825,   2567.04695778,   3888.15901649,\n",
       "          4933.3472299 ],\n",
       "       [  3472.0871493 ,   8334.12868715,  42118.55343722,\n",
       "          6789.27248629,  12559.16102424,   8813.05995507,\n",
       "          2626.20003868,  10096.80932255,   7146.81519079,\n",
       "          2658.9200049 ,  53686.25415914,  18092.97287308,\n",
       "          8703.05422464,  15288.23635344,   2861.33385205,\n",
       "          9251.08049825,   5961.89067563,   3733.29011116,\n",
       "          9746.19950209,  13341.94227149,   5071.41693805,\n",
       "          4362.26535685,   3703.77383705,   2843.79775983,\n",
       "          7655.60870169,   8642.74303834,   9591.30676834,\n",
       "          9477.45221334,   4440.91790583,   6753.88958702,\n",
       "          8413.66974487],\n",
       "       [  2435.47053338,   5813.96364636,  27321.35973983,\n",
       "          5070.3628645 ,   8813.05995507,   6915.6413154 ,\n",
       "          1968.92507235,   7927.00680864,   5004.06988427,\n",
       "          2038.43134719,  37215.31545361,  13602.72796954,\n",
       "          5897.9027253 ,  12235.83585464,   2139.25386616,\n",
       "          6793.4377247 ,   4340.27600424,   2850.8108148 ,\n",
       "          7224.65823821,   9577.13497603,   3794.75401679,\n",
       "          3112.87103917,   2584.01244394,   2119.50932189,\n",
       "          5857.72978255,   6244.7671399 ,   6484.68396613,\n",
       "          7162.82169907,   3404.44564828,   5177.67367427,\n",
       "          6636.34983841],\n",
       "       [   734.11293384,   1675.57939626,   8121.07339738,\n",
       "          1485.6681695 ,   2626.20003868,   1968.92507235,\n",
       "           604.39448821,   2299.46032808,   1495.57636831,\n",
       "           623.45159417,  11133.36962348,   4151.97799281,\n",
       "          1768.45834964,   3500.73710666,    638.43784295,\n",
       "          2032.33099503,   1304.0868005 ,    836.99200205,\n",
       "          2107.07390772,   2854.16144864,   1140.98581603,\n",
       "           936.43891841,    771.51089805,    633.79270682,\n",
       "          1745.52430702,   1860.04623086,   1944.44262692,\n",
       "          2106.26338361,   1010.81734401,   1523.00487775,\n",
       "          1962.07933454],\n",
       "       [  2794.38549675,   6714.77487427,  31202.02007871,\n",
       "          5886.12678652,  10096.80932255,   7927.00680864,\n",
       "          2299.46032808,   9331.19826056,   5852.92464374,\n",
       "          2374.03469573,  43148.83315414,  15799.68823493,\n",
       "          6827.28083202,  14420.20642964,   2484.72692573,\n",
       "          7939.90623166,   5021.11097255,   3348.09080719,\n",
       "          8424.617625  ,  11102.15976679,   4441.51910189,\n",
       "          3595.62905189,   3024.96528086,   2476.16398599,\n",
       "          6876.60884639,   7299.06318752,   7404.7726954 ,\n",
       "          8371.38847666,   4009.34931821,   6095.03243983,\n",
       "          7836.96138404],\n",
       "       [  1972.35956507,   5035.00275603,  24995.22570546,\n",
       "          3930.05792096,   7146.81519079,   5004.06988427,\n",
       "          1495.57636831,   5852.92464374,   4338.26892546,\n",
       "          1504.33936046,  31684.53398053,  10217.48558311,\n",
       "          5201.03857894,   9004.86171192,   1659.16775636,\n",
       "          5386.83709146,   3419.7461594 ,   2192.16345871,\n",
       "          5703.46672079,   7802.17702245,   2940.91147603,\n",
       "          2520.17129556,   2258.1220144 ,   1653.50265007,\n",
       "          4426.6936502 ,   5117.90797272,   5593.76587013,\n",
       "          5529.21986685,   2585.08474391,   3927.28103394,\n",
       "          4854.94553288],\n",
       "       [   755.94168523,   1618.34243007,   7682.89939364,\n",
       "          1548.45571093,   2658.9200049 ,   2038.43134719,\n",
       "           623.45159417,   2374.03469573,   1504.33936046,\n",
       "           686.09606238,  11061.75770904,   4321.4159743 ,\n",
       "          1757.1760694 ,   3583.45024742,    652.26915974,\n",
       "          2071.80671427,   1330.49385619,    857.19647748,\n",
       "          2094.60080159,   2879.81536321,   1188.93287407,\n",
       "           944.17706275,    766.42817364,    664.29980503,\n",
       "          1807.28415139,   1880.76381013,   1939.44704748,\n",
       "          2161.55401503,   1055.58733272,   1557.70090318,\n",
       "          2054.74043411],\n",
       "       [ 14749.41326874,  37271.85203679, 192437.06649397,\n",
       "         28817.67840517,  53686.25415914,  37215.31545361,\n",
       "         11133.36962348,  43148.83315414,  31684.53398053,\n",
       "         11061.75770904, 238982.24309334,  75971.48597467,\n",
       "         38775.20476656,  65950.56721848,  12302.73130748,\n",
       "         40089.23890096,  25576.50944328,  16173.33465083,\n",
       "         42786.94630669,  58093.5020253 ,  21701.65286715,\n",
       "         18987.3998703 ,  16618.68067586,  12149.62657593,\n",
       "         32713.06742914,  37892.53478662,  42207.4081506 ,\n",
       "         40694.83087732,  19018.3905053 ,  28917.92289444,\n",
       "         35711.80545348],\n",
       "       [  5072.6209657 ,  11369.0899143 ,  54806.46832477,\n",
       "         10269.35565722,  18092.97287308,  13602.72796954,\n",
       "          4151.97799281,  15799.68823493,  10217.48558311,\n",
       "          4321.4159743 ,  75971.48597467,  28976.63939728,\n",
       "         12018.2675954 ,  23985.4543346 ,   4365.55742672,\n",
       "         13914.53290477,   9006.08055295,   5728.94849341,\n",
       "         14340.62938487,  19541.58087123,   7852.55671685,\n",
       "          6414.82493901,   5234.64412103,   4358.43397914,\n",
       "         11985.58706291,  12714.65974652,  13281.34465927,\n",
       "         14487.68996205,   6938.19524139,  10433.76398026,\n",
       "         13496.41639715],\n",
       "       [  2396.81933344,   6136.37782719,  31717.91416073,\n",
       "          4635.99564215,   8703.05422464,   5897.9027253 ,\n",
       "          1768.45834964,   6827.28083202,   5201.03857894,\n",
       "          1757.1760694 ,  38775.20476656,  12018.2675954 ,\n",
       "          6414.61389881,  10448.08561202,   1971.96947368,\n",
       "          6442.24824325,   4110.07605328,   2583.78067417,\n",
       "          6867.26507285,   9409.58057146,   3468.01631957,\n",
       "          3061.07506033,   2725.83411295,   1959.86798874,\n",
       "          5202.82933344,   6147.80945775,   6947.65799927,\n",
       "          6508.21814391,   3035.78189526,   4619.4999145 ,\n",
       "          5627.26356377],\n",
       "       [  4198.93962778,  10450.1561844 ,  47734.75848305,\n",
       "          9029.17645477,  15288.23635344,  12235.83585464,\n",
       "          3500.73710666,  14420.20642964,   9004.86171192,\n",
       "          3583.45024742,  65950.56721848,  23985.4543346 ,\n",
       "         10448.08561202,  22612.38018146,   3812.78152669,\n",
       "         12146.34893742,   7651.48600735,   5180.91729354,\n",
       "         13044.38633172,  16978.52153543,   6788.45090424,\n",
       "          5476.45501957,   4671.18148526,   3791.10949358,\n",
       "         10555.02571089,  11216.31359417,  11244.26973156,\n",
       "         12887.84049381,   6164.98629685,   9405.46142361,\n",
       "         12050.11656785],\n",
       "       [   795.55205851,   1909.68488295,   9227.2652747 ,\n",
       "          1612.59537119,   2861.33385205,   2139.25386616,\n",
       "           638.43784295,   2484.72692573,   1659.16775636,\n",
       "           652.26915974,  12302.73130748,   4365.55742672,\n",
       "          1971.96947368,   3812.78152669,    696.0389103 ,\n",
       "          2202.41558026,   1403.10884573,    909.71753689,\n",
       "          2317.48836775,   3121.68079712,   1223.47974056,\n",
       "          1020.47102844,    861.73768103,    682.02520232,\n",
       "          1870.38866132,   2038.15547321,   2157.60932689,\n",
       "          2281.28248858,   1086.31443301,   1645.91337252,\n",
       "          2094.05011785],\n",
       "       [  2574.17552858,   6180.35088156,  30440.71012834,\n",
       "          5170.15395189,   9251.08049825,   6793.4377247 ,\n",
       "          2032.33099503,   7939.90623166,   5386.83709146,\n",
       "          2071.80671427,  40089.23890096,  13914.53290477,\n",
       "          6442.24824325,  12146.34893742,   2202.41558026,\n",
       "          7114.80115235,   4521.19142348,   2915.48643901,\n",
       "          7478.71130295,  10089.46193576,   3918.16450354,\n",
       "          3287.62822874,   2798.07292248,   2192.19662321,\n",
       "          5992.34719891,   6592.64954619,   7021.90227891,\n",
       "          7325.43059172,   3478.03022308,   5285.51517222,\n",
       "          6674.43307834],\n",
       "       [  1656.32990156,   3919.95960099,  19518.72883248,\n",
       "          3299.5693057 ,   5961.89067563,   4340.27600424,\n",
       "          1304.0868005 ,   5021.11097255,   3419.7461594 ,\n",
       "          1330.49385619,  25576.50944328,   9006.08055295,\n",
       "          4110.07605328,   7651.48600735,   1403.10884573,\n",
       "          4521.19142348,   2914.39295974,   1843.01650043,\n",
       "          4738.29018295,   6435.42279619,   2496.86638563,\n",
       "          2107.27264464,   1768.58636305,   1396.7719096 ,\n",
       "          3804.75326768,   4188.60397318,   4517.16095421,\n",
       "          4653.68150182,   2203.51611368,   3341.98738285,\n",
       "          4224.58907702],\n",
       "       [  1031.52580566,   2525.90395781,  12004.43724801,\n",
       "          2139.08790854,   3733.29011116,   2850.8108148 ,\n",
       "           836.99200205,   3348.09080719,   2192.16345871,\n",
       "           857.19647748,  16173.33465083,   5728.94849341,\n",
       "          2583.78067417,   5180.91729354,    909.71753689,\n",
       "          2915.48643901,   1843.01650043,   1221.26655901,\n",
       "          3099.5519502 ,   4110.37577152,   1619.58394152,\n",
       "          1333.39731616,   1141.07495132,    904.92291553,\n",
       "          2494.04714142,   2702.43996238,   2797.18091311,\n",
       "          3044.31527752,   1453.59590046,   2207.56923136,\n",
       "          2811.4933605 ],\n",
       "       [  2658.34442113,   6746.32163417,  33319.47898268,\n",
       "          5400.79132887,   9746.19950209,   7224.65823821,\n",
       "          2107.07390772,   8424.617625  ,   5703.46672079,\n",
       "          2094.60080159,  42786.94630669,  14340.62938487,\n",
       "          6867.26507285,  13044.38633172,   2317.48836775,\n",
       "          7478.71130295,   4738.29018295,   3099.5519502 ,\n",
       "          8095.12905894,  10660.39165205,   4078.11010268,\n",
       "          3472.64699513,   2996.39672954,   2280.85416927,\n",
       "          6278.23643391,   6987.0578556 ,   7463.58640768,\n",
       "          7722.87860182,   3646.59538166,   5580.90755765,\n",
       "          6989.95098877],\n",
       "       [  3696.62400513,   9061.67902983,  45215.18924371,\n",
       "          7337.16919209,  13341.94227149,   9577.13497603,\n",
       "          2854.16144864,  11102.15976679,   7802.17702245,\n",
       "          2879.81536321,  58093.5020253 ,  19541.58087123,\n",
       "          9409.58057146,  16978.52153543,   3121.68079712,\n",
       "         10089.46193576,   6435.42279619,   4110.37577152,\n",
       "         10660.39165205,  14492.10560831,   5526.96312785,\n",
       "          4711.6878047 ,   4059.48652523,   3095.10664785,\n",
       "          8393.73565444,   9441.24369166,  10263.88494533,\n",
       "         10366.17875871,   4873.82696053,   7415.51855914,\n",
       "          9265.43367215],\n",
       "       [  1416.8245805 ,   3324.11601593,  15940.59650556,\n",
       "          2893.41340262,   5071.41693805,   3794.75401679,\n",
       "          1140.98581603,   4441.51910189,   2940.91147603,\n",
       "          1188.93287407,  21701.65286715,   7852.55671685,\n",
       "          3468.01631957,   6788.45090424,   1223.47974056,\n",
       "          3918.16450354,   2496.86638563,   1619.58394152,\n",
       "          4078.11010268,   5526.96312785,   2205.23662722,\n",
       "          1800.90125351,   1514.53119818,   1225.31140377,\n",
       "          3347.34518596,   3615.79929152,   3790.81713209,\n",
       "          4075.32680305,   1950.09469321,   2934.40350427,\n",
       "          3763.61164987],\n",
       "       [  1207.64668546,   2932.89218629,  14850.21371265,\n",
       "          2373.81758185,   4362.26535685,   3112.87103917,\n",
       "           936.43891841,   3595.62905189,   2520.17129556,\n",
       "           944.17706275,  18987.3998703 ,   6414.82493901,\n",
       "          3061.07506033,   5476.45501957,   1020.47102844,\n",
       "          3287.62822874,   2107.27264464,   1333.39731616,\n",
       "          3472.64699513,   4711.6878047 ,   1800.90125351,\n",
       "          1549.04856265,   1314.31850185,   1005.32508146,\n",
       "          2732.41197437,   3064.26835046,   3364.13212156,\n",
       "          3353.20522421,   1582.68738735,   2402.59200007,\n",
       "          3011.42344735],\n",
       "       [  1015.52758003,   2644.07341232,  13290.17260858,\n",
       "          2017.30653139,   3703.77383705,   2584.01244394,\n",
       "           771.51089805,   3024.96528086,   2258.1220144 ,\n",
       "           766.42817364,  16618.68067586,   5234.64412103,\n",
       "          2725.83411295,   4671.18148526,    861.73768103,\n",
       "          2798.07292248,   1768.58636305,   1141.07495132,\n",
       "          2996.39672954,   4059.48652523,   1514.53119818,\n",
       "          1314.31850185,   1190.61511573,    852.47099268,\n",
       "          2289.86120205,   2667.58265437,   2925.35412583,\n",
       "          2857.93937315,   1336.50690861,   2032.02312957,\n",
       "          2503.19609371],\n",
       "       [   795.96778765,   1864.52237719,   8973.22537169,\n",
       "          1622.22280063,   2843.79775983,   2119.50932189,\n",
       "           633.79270682,   2476.16398599,   1653.50265007,\n",
       "           664.29980503,  12149.62657593,   4358.43397914,\n",
       "          1959.86798874,   3791.10949358,    682.02520232,\n",
       "          2192.19662321,   1396.7719096 ,    904.92291553,\n",
       "          2280.85416927,   3095.10664785,   1225.31140377,\n",
       "          1005.32508146,    852.47099268,    689.71123291,\n",
       "          1868.14763818,   2028.3075699 ,   2133.41288311,\n",
       "          2276.88138874,   1090.82956215,   1643.37161672,\n",
       "          2096.33833556],\n",
       "       [  2136.56445159,   5012.09635205,  23804.94480841,\n",
       "          4397.28637464,   7655.60870169,   5857.72978255,\n",
       "          1745.52430702,   6876.60884639,   4426.6936502 ,\n",
       "          1807.28415139,  32713.06742914,  11985.58706291,\n",
       "          5202.82933344,  10555.02571089,   1870.38866132,\n",
       "          5992.34719891,   3804.75326768,   2494.04714142,\n",
       "          6278.23643391,   8393.73565444,   3347.34518596,\n",
       "          2732.41197437,   2289.86120205,   1868.14763818,\n",
       "          5162.73803689,   5500.40281642,   5668.84637414,\n",
       "          6248.9103655 ,   2995.71559172,   4540.59346526,\n",
       "          5824.05506619],\n",
       "       [  2390.05624066,   5929.55845659,  29356.36819599,\n",
       "          4796.06621699,   8642.74303834,   6244.7671399 ,\n",
       "          1860.04623086,   7299.06318752,   5117.90797272,\n",
       "          1880.76381013,  37892.53478662,  12714.65974652,\n",
       "          6147.80945775,  11216.31359417,   2038.15547321,\n",
       "          6592.64954619,   4188.60397318,   2702.43996238,\n",
       "          6987.0578556 ,   9441.24369166,   3615.79929152,\n",
       "          3064.26835046,   2667.58265437,   2028.3075699 ,\n",
       "          5500.40281642,   6190.42087013,   6658.02047219,\n",
       "          6785.16819556,   3204.33540172,   4868.19075662,\n",
       "          6090.69513083],\n",
       "       [  2644.75431854,   6630.86120079,  34715.96652046,\n",
       "          5041.44259887,   9591.30676834,   6484.68396613,\n",
       "          1944.44262692,   7404.7726954 ,   5593.76587013,\n",
       "          1939.44704748,  42207.4081506 ,  13281.34465927,\n",
       "          6947.65799927,  11244.26973156,   2157.60932689,\n",
       "          7021.90227891,   4517.16095421,   2797.18091311,\n",
       "          7463.58640768,  10263.88494533,   3790.81713209,\n",
       "          3364.13212156,   2925.35412583,   2133.41288311,\n",
       "          5668.84637414,   6658.02047219,   7660.46843573,\n",
       "          7069.05795245,   3295.45348126,   5000.35137513,\n",
       "          6120.93397632],\n",
       "       [  2630.47139348,   6332.50077983,  30162.87325983,\n",
       "          5416.62701825,   9477.45221334,   7162.82169907,\n",
       "          2106.26338361,   8371.38847666,   5529.21986685,\n",
       "          2161.55401503,  40694.83087732,  14487.68996205,\n",
       "          6508.21814391,  12887.84049381,   2281.28248858,\n",
       "          7325.43059172,   4653.68150182,   3044.31527752,\n",
       "          7722.87860182,  10366.17875871,   4075.32680305,\n",
       "          3353.20522421,   2857.93937315,   2276.88138874,\n",
       "          6248.9103655 ,   6785.16819556,   7069.05795245,\n",
       "          7673.13009722,   3634.45056765,   5524.32695116,\n",
       "          7023.76484265],\n",
       "       [  1237.50913921,   2921.4308205 ,  13807.54235593,\n",
       "          2567.04695778,   4440.91790583,   3404.44564828,\n",
       "          1010.81734401,   4009.34931821,   2585.08474391,\n",
       "          1055.58733272,  19018.3905053 ,   6938.19524139,\n",
       "          3035.78189526,   6164.98629685,   1086.31443301,\n",
       "          3478.03022308,   2203.51611368,   1453.59590046,\n",
       "          3646.59538166,   4873.82696053,   1950.09469321,\n",
       "          1582.68738735,   1336.50690861,   1090.82956215,\n",
       "          2995.71559172,   3204.33540172,   3295.45348126,\n",
       "          3634.45056765,   1751.97737285,   2639.86093692,\n",
       "          3394.5098105 ],\n",
       "       [  1879.82483169,   4510.45881513,  21171.82005834,\n",
       "          3888.15901649,   6753.88958702,   5177.67367427,\n",
       "          1523.00487775,   6095.03243983,   3927.28103394,\n",
       "          1557.70090318,  28917.92289444,  10433.76398026,\n",
       "          4619.4999145 ,   9405.46142361,   1645.91337252,\n",
       "          5285.51517222,   3341.98738285,   2207.56923136,\n",
       "          5580.90755765,   7415.51855914,   2934.40350427,\n",
       "          2402.59200007,   2032.02312957,   1643.37161672,\n",
       "          4540.59346526,   4868.19075662,   5000.35137513,\n",
       "          5524.32695116,   2639.86093692,   4041.27824192,\n",
       "          5129.32059467],\n",
       "       [  2348.41166083,   5454.72259116,  25187.14658891,\n",
       "          4933.3472299 ,   8413.66974487,   6636.34983841,\n",
       "          1962.07933454,   7836.96138404,   4854.94553288,\n",
       "          2054.74043411,  35711.80545348,  13496.41639715,\n",
       "          5627.26356377,  12050.11656785,   2094.05011785,\n",
       "          6674.43307834,   4224.58907702,   2811.4933605 ,\n",
       "          6989.95098877,   9265.43367215,   3763.61164987,\n",
       "          3011.42344735,   2503.19609371,   2096.33833556,\n",
       "          5824.05506619,   6090.69513083,   6120.93397632,\n",
       "          7023.76484265,   3394.5098105 ,   5129.32059467,\n",
       "          6671.04020967]])"
      ]
     },
     "execution_count": 164,
     "metadata": {},
     "output_type": "execute_result"
    }
   ],
   "source": [
    "S"
   ]
  },
  {
   "cell_type": "code",
   "execution_count": null,
   "metadata": {},
   "outputs": [],
   "source": []
  }
 ],
 "metadata": {
  "kernelspec": {
   "display_name": "Python 3",
   "language": "python",
   "name": "python3"
  },
  "language_info": {
   "codemirror_mode": {
    "name": "ipython",
    "version": 3
   },
   "file_extension": ".py",
   "mimetype": "text/x-python",
   "name": "python",
   "nbconvert_exporter": "python",
   "pygments_lexer": "ipython3",
   "version": "3.8.5"
  }
 },
 "nbformat": 4,
 "nbformat_minor": 4
}
